ID	PeopleNum	Loyalty	RemainFood	ArmyNum	CorruptionRate	AreaFactor
ID	PeopleNum	Loyalty	RemainFood	ArmyNum	CorruptionRate	AreaFactor
1001	10000;20000	30;70	10000;20000	1000;2000	10;30	15;20
1002	10000;20000	30;70	10000;20000	1000;2000	10;30	15;20
1003	10000;20000	30;70	10000;20000	1000;2000	10;30	15;20
1004	10000;20000	30;70	10000;20000	1000;2000	10;30	15;20
1005	10000;20000	30;70	10000;20000	1000;2000	10;30	15;20
1006	10000;20000	30;70	10000;20000	1000;2000	10;30	15;20
1007	10000;20000	30;70	10000;20000	1000;2000	10;30	15;20
1008	10000;20000	30;70	10000;20000	1000;2000	10;30	15;20
1009	10000;20000	30;70	10000;20000	1000;2000	10;30	15;20
1010	10000;20000	30;70	10000;20000	1000;2000	10;30	15;20
1011	10000;20000	30;70	10000;20000	1000;2000	10;30	15;20
1012	10000;20000	30;70	10000;20000	1000;2000	10;30	15;20
1013	10000;20000	30;70	10000;20000	1000;2000	10;30	15;20
1014	10000;20000	30;70	10000;20000	1000;2000	10;30	15;20
1015	10000;20000	30;70	10000;20000	1000;2000	10;30	15;20
1016	10000;20000	30;70	10000;20000	1000;2000	10;30	15;20
1017	10000;20000	30;70	10000;20000	1000;2000	10;30	15;20
1018	10000;20000	30;70	10000;20000	1000;2000	10;30	15;20
1019	10000;20000	30;70	10000;20000	1000;2000	10;30	15;20
1020	10000;20000	30;70	10000;20000	1000;2000	10;30	15;20
1021	10000;20000	30;70	10000;20000	1000;2000	10;30	15;20
1022	10000;20000	30;70	10000;20000	1000;2000	10;30	15;20
1023	10000;20000	30;70	10000;20000	1000;2000	10;30	15;20
1024	10000;20000	30;70	10000;20000	1000;2000	10;30	15;20
1025	10000;20000	30;70	10000;20000	1000;2000	10;30	15;20
1026	10000;20000	30;70	10000;20000	1000;2000	10;30	15;20
1027	10000;20000	30;70	10000;20000	1000;2000	10;30	15;20
1028	10000;20000	30;70	10000;20000	1000;2000	10;30	15;20
1029	10000;20000	30;70	10000;20000	1000;2000	10;30	15;20
1030	10000;20000	30;70	10000;20000	1000;2000	10;30	15;20
1031	10000;20000	30;70	10000;20000	1000;2000	10;30	15;20
1032	10000;20000	30;70	10000;20000	1000;2000	10;30	15;20