ID	RemainFood	Age	Loyalty	Cachet	Ability
ID	RemainFood	Age	Loyalty	Cachet	Ability
1001	100;1000	20;50	10;30	50;100	30;80
1002	100;1000	20;50	10;30	50;100	30;80
1003	100;1000	20;50	10;30	50;100	30;80
1004	100;1000	20;50	10;30	50;100	30;80
1005	100;1000	20;50	10;30	50;100	30;80
1006	100;1000	20;50	10;30	50;100	30;80
1007	100;1000	20;50	10;30	50;100	30;80
1008	100;1000	20;50	10;30	50;100	30;80
1009	100;1000	20;50	10;30	50;100	30;80
1010	100;1000	20;50	10;30	50;100	30;80
1011	100;1000	20;50	10;30	50;100	30;80
1012	100;1000	20;50	10;30	50;100	30;80
1013	100;1000	20;50	10;30	50;100	30;80
1014	100;1000	20;50	10;30	50;100	30;80
1015	100;1000	20;50	10;30	50;100	30;80
1016	100;1000	20;50	10;30	50;100	30;80
1017	100;1000	20;50	10;30	50;100	30;80
1018	100;1000	20;50	10;30	50;100	30;80
1019	100;1000	20;50	10;30	50;100	30;80
1020	100;1000	20;50	10;30	50;100	30;80
1021	100;1000	20;50	10;30	50;100	30;80
1022	100;1000	20;50	10;30	50;100	30;80
1023	100;1000	20;50	10;30	50;100	30;80
1024	100;1000	20;50	10;30	50;100	30;80
1025	100;1000	20;50	10;30	50;100	30;80
1026	100;1000	20;50	10;30	50;100	30;80
1027	100;1000	20;50	10;30	50;100	30;80
1028	100;1000	20;50	10;30	50;100	30;80
1029	100;1000	20;50	10;30	50;100	30;80
1030	100;1000	20;50	10;30	50;100	30;80
1031	100;1000	20;50	10;30	50;100	30;80
1032	100;1000	20;50	10;30	50;100	30;80